325610748
632015748
312658704
301652748
312765408
102365748
301642785
312684705
302614785
312064785
301472685
312487605
302417685
312047685
102375468
302715468
312750468
325418607
325471608
305421678
325041678
432615708
432175608
432150678
302418657
312480657
312048657
312058467
351472608
351420678
351042678
431052678
104372685
142387605
102347685
142037685
402175368
142765308
102745368
142750368
102348657
142380657
142038657
142058367
154372608
154320678
154032678
314052678
102645738
142650738
142065738
142630785
425130678
105328647
125380647
125038647
125048367
125370684
125074368
315024678
125634708
205134678
