827105643
258613407
510326784
632045781
508641273
350471682
154032678
312640785
857426130
584170362
435271068
126350847
051348627
852604317
215708436
451670382
184602537
163057284
072584613
371042685
268715304
154328607
125304678
874265013
481632705
314650827
031642785
154328670
537240168
860431275
245108367
421758306
806217345
312760485
612830547
142758306
218540763
280317546
301642785
125340678
436157208
741302685
534180627
485723160
413602785
816045327
075841236
502134768
104632785
315482607
185726403
185360247
824576301
635021748
876041253
146830257
470186325
632714850
125348607
125387604
123874605
613548072
125634708
042538167
056837412
142035678
350286147
608375124
412675308
038245176
618327054
142087365
012375468
063841572
063287415
215308467
476180253
754628301
437106528
312604785
125348067
305421678
123048657
642735018
612430785
302164587
082516374
175632408
061432857
125074368
302547816
142370685
382761450
327514806
104372685
561320748
362458701
