806547231
876041253
076348251
786534210
678534210
678541230
876345120
876345012
826541730
780165243
078654312
678143250
678143025
678135240
678213045
786143250
876103254
083254761
846375210
846375021
875641230
854763210
678305124
678325014
846572310
856743120
536824071
854721630
850376124
065872143
036547218
056874231
816573240
570824631
876405231
270534861
046527831
476501283
476183250
076143258
852761430
875642310
850732641
856723410
678305412
086547231
536847210
056837241
246531870
246517830
216574083
821543760
410523876
041523876
516843270
016547283
078461253
078465312
782561043
786345210
086751243
786501243
876521430
856742310
376548012
476508231
376148250
678402531
467213058
460237518
086743251
076581243
576801243
670358241
076841253
078643125
678104253
678513240
678512043
875643120
875643012
816743250
056873214
813756024
786513240
086753214
016843257
210876543
678235041
678425031
210563874
678351240
678314250
867231540
786504231
376548120
830716254
084713256
236571840
236514870
230516874
276513840
071243586
024513876
873246510
276534810
836745210
836547120
086714253
867214530
852714063
260534817
852743610
852731640
056871243
678135024
678154230
678345210
678345021
856347210
856347021
851743260
136547280
136257048
086347215
876435210
056827431
276541830
576841230
786541230
476581230
678453210
678431250
246573810
853746210
436587210
873146250
678415023
836147250
852701634
576813240
056837412
436107258
086754231
874561230
846507231
856741230
876354021
076584231
240536871
840761253
086471253
876354210
874263510
576804231
576834210
836507214
856427031
046857231
086437251
846501273
846571230
871453260
876401253
876451230
867453210
867523410
046817253
846273510
021876543
872541630
876241530
841253076
867543120
867243510
021573846
036187254
087654321
867541230
860547231
678542310
670548312
678415230
810746253
823546710
271543860
271543086
084761253
247501863
846513270
810543276
214503876
820543716
067548312
678542031
236507841
852714630
023546817
173546280
078635412
478365012
213506874
687354021
860475312
856143270
170543286
230546817
856137024
810576243
813546270
360174258
810456273
240561873
216537840
216543870
260514873
270541863
816453270
210546873
216574830
236547810
056847213
876241053
