358624701
358612704
308652714
358062714
635728104
635218704
605238714
635280714
325084671
382615704
382650714
382065714
632085714
305728164
325780164
325078164
325760148
265318704
265380714
265038714
258360714
215378604
215380674
215038674
258310674
325170648
358120674
135028674
325184607
302185674
342685701
342650781
342065781
632045781
354620781
635024781
325764801
205364781
605731428
635710428
635071428
635720481
635240781
635041278
651230748
603215748
302765481
325786401
305726481
325076481
265340781
265041378
206315748
265731408
251368704
251346708
201356748
251036748
625738401
625713408
605723418
625073418
762435108
762315408
702365418
762350418
602738451
632780451
632078451
632058741
653712408
653720418
653072418
763052418
632470185
372615408
372650418
372065418
325670418
613782405
613720485
613072485
763012485
632081745
621730485
762031485
632471805
302671485
643182705
643120785
163042785
342675108
342650178
342065178
625430178
632458107
603452178
605128734
625180734
625018734
625038174
625140783
625043178
165023748
205613748
628130754
603182754
302658174
632578104
602538174
632580174
653140782
653042178
653128704
503612748
163752408
163542708
103562748
163520748
308624715
328640715
328064715
328014675
328650741
328051674
638021754
328761504
208361754
602738514
632780514
632078514
632710548
381650742
381052674
381624705
381762504
801362754
631782504
631852704
601832754
631820754
328710564
732018564
312784506
301782564
102378564
301762548
312746508
302716548
312076548
106382754
162738504
128364705
128356704
108326754
128036754
152370648
152078364
152384607
105382674
152638704
502138674
128375604
108325674
128035674
301572648
312547608
302517648
312057648
328514607
328571604
308521674
532618704
532178604
532180674
302514687
312540687
312054687
312084567
381572604
381520674
531082674
345681702
345610782
345061782
635041782
351084672
631054782
351764802
501364782
318650724
631058724
305681724
351768204
501368724
501328674
351278604
301258674
351280674
305761482
351786402
301756482
351076482
561340782
561042378
561328704
506321748
561732408
512368704
512346708
502316748
512036748
612730458
761032458
631728405
603721458
631472508
301672458
603751482
631785402
601735482
631075482
603541782
631584702
601534782
601432578
631420578
612538704
612543708
602513748
612053748
601538724
631580724
631028574
623541708
623510748
623051748
563021748
361780452
361082745
361725408
306721485
361472805
601372485
731462805
731682405
701632485
731620485
102386745
312846705
302816745
312860745
326715408
326781405
326071485
732416805
732186405
702136485
302416875
312460875
312046875
312470856
126370485
146382705
146320785
146032785
316042785
642175308
642150378
642015378
625140378
162470385
412065378
162458307
106452378
602158374
162578304
102568374
162580374
156340782
156042378
156328704
156732408
506132748
316752408
316542708
306512748
316520748
125760438
162758403
106752438
602175438
106732485
162783405
102763485
162073485
158320764
315028764
125384706
102385764
125738604
205138764
205168374
125678304
105628374
125680374
102345786
105324786
125034786
205146378
315726408
315246708
305216748
315260748
105726438
125076438
125730486
235146708
235160748
235016748
256130748
384651702
384610752
384061752
634081752
341058672
318640752
631048752
341768502
401368752
481372605
481320675
481032675
412380675
341870652
831042675
341825607
304821675
631045728
304651728
341765208
401365728
401325678
634721805
634281705
604231785
634210785
731042865
341725806
304721865
401372865
304761852
341756802
301746852
341076852
461380752
461082375
461325708
406321785
461732805
412365708
412386705
402316785
412036785
612730845
761032845
631725804
603721845
631872405
603741852
631754802
601734852
631074852
603481752
631458702
601438752
301682475
601832475
631820475
601435728
631450728
631025478
623481705
623410785
623041785
463021785
182370654
182074365
108342675
182634705
802134675
124385607
124378605
104328675
124038675
301872654
312857604
302817654
312087654
324815607
324871605
832614705
832174605
832140675
312045867
345620718
634025718
324658701
302654718
324765108
204365718
324175608
304125678
324150678
302684751
304628751
324068751
204381675
324071865
324760851
264381705
264310785
264031785
241360785
624730815
762034815
632745801
603742815
632874105
302674815
603712854
632751804
602731854
632071854
302684175
602834175
632840175
624135708
624183705
604123785
624013785
324715806
732814605
732164805
702134865
732140865
302715846
312750846
312075846
312045786
172364805
172340865
172034865
124370865
361752804
361720854
361072854
731062854
312056784
326710854
732016854
312876504
102376854
602184375
162874305
102864375
162840375
102764835
162740835
162074835
162730854
104325768
124350768
124035768
124065378
124380756
124086375
314026785
124736805
204136785
387451602
387410652
387041652
437081652
371058462
318470652
431078652
371648502
701348652
781362405
781320465
781032465
712380465
371860452
831072465
371825406
307821465
315470628
431075628
307451628
371645208
701345628
701325468
371265408
301275468
371250468
437621805
437281605
407231685
437210685
371625804
307621845
701362845
307641852
371654802
301674852
371064852
741380652
741082365
741325608
704321685
741632805
712384605
702314685
712034685
412630875
641032875
431625807
403621875
431862705
301462875
403671852
431657802
401637852
431067852
403781652
431758602
401738652
301482765
401832765
431820765
412735608
412783605
402713685
412073685
401735628
431750628
431025768
423781605
423710685
423071685
743021685
182360457
182067345
182375406
108372465
182437605
802137465
127385406
127368405
107328465
127038465
301862457
312856407
302816457
312086457
327815406
327861405
832417605
832167405
832170465
302815476
312850476
312085476
375420618
437025618
327458601
302457618
327645108
207345618
207315468
327165408
307125468
327150468
302487651
307428651
327048651
207381465
327061845
327640851
247381605
247310685
247031685
271340685
427630815
642037815
432675801
403672815
432867105
302467815
403612857
432651807
402631857
432061857
302487165
402837165
432870165
327615804
632817405
632147805
602137845
632170845
302615874
312650874
312065874
162347805
162370845
162037845
127360845
341652807
341620857
341062857
631042857
324610857
632014857
312864507
102364857
167382405
167320485
167032485
317062485
172086345
172436805
762145308
762150348
762015348
725160348
172640385
125670348
172658304
107652348
128370456
107382456
172438506
702138456
702158346
172548306
102578346
172580346
157360482
157062348
157328406
157432608
507132468
317452608
317562408
307512468
317520468
125470638
412075638
172458603
107452638
702145638
107432685
172483605
102473685
172043685
725138406
725163408
705123468
725013468
158320476
315028476
125386407
102385476
125438706
205138476
205178346
102365487
105326487
125036487
205167348
125647308
105627348
315427608
315267408
305217468
315270468
105427638
125047638
125430687
235167408
235170468
235017468
257130468
358720416
735028416
302785416
325478106
205378416
205318746
325148706
305128746
325180746
735421608
735261408
705231468
735210468
725430618
732458601
703452618
732645108
302745618
703412685
732481605
702431685
732041685
703162485
302765148
702635148
732650148
732180456
732058146
753162408
753120468
753012468
173052468
328716405
328751406
308721456
328071456
732418506
381752406
381720456
381072456
731082456
302418576
312480576
312048576
312470568
152348706
152380746
152038746
128350746
312540768
328510746
532018746
312586704
301582746
301758426
351780426
351078426
351028746
701432658
731420658
731042658
731450682
731560482
731062548
712530468
731528406
703521468
308457621
358470621
358047621
358027461
358410672
358012467
438052617
358642107
508342617
405638127
435680127
435068127
435620178
435018267
458230617
435287601
403285617
205387461
325867401
305827461
325870461
382410675
382015467
382457601
382645107
802345617
432685107
432815607
402835617
432850617
358620147
635028147
325687104
302685147
205368147
325674108
305624178
325064178
245387601
204385617
245638107
258347601
258314607
208354617
258034617
215360478
215068347
215387406
201385467
215438607
105238467
258317406
258361407
208351467
258031467
302165478
325176408
305126478
325016478
358127406
358162407
308152467
135428607
135268407
135280467
305127486
325170486
325017486
325087146
382165407
382150467
132085467
372480615
372085461
372451608
307452681
372645801
702345681
432785601
402735681
432750681
357421608
357482601
357042681
435627801
405237681
305627841
325670841
325067841
325640817
245037681
257340681
275360481
275061348
275318406
275431608
251378406
251367408
201357468
251037468
451630728
645031728
435618702
403615728
435761208
305461728
403625781
435682701
405632781
435062781
403275681
305471268
405731268
435710268
451238607
451273608
401253678
451023678
413275608
413250678
413025678
204375681
405271368
245761308
205741368
245710368
214375608
214350678
214035678
205641738
245610738
245061738
245630781
201358647
251380647
251038647
251048367
251370684
251074368
251634708
501234678
405628731
425680731
425068731
425038671
645023718
205463718
602745138
642750138
642075138
642730185
642310785
625340718
642358701
604352718
428630751
642038751
403682751
432768501
302468751
302458671
432578601
402538671
432580671
453610782
453628701
453762108
503462718
643752108
643512708
603542718
643520718
403762185
432786105
402736185
432076185
362410785
362015478
362458701
306452718
362745108
325468701
325416708
305426718
325046718
413680752
413082675
413625708
401623785
413762805
103462785
643712805
302481675
432871605
402831675
432810675
421635708
421683705
421063785
642731805
642381705
602341785
402731865
432710865
432071865
432760851
362481705
362041785
321460785
473180652
473082165
473125608
473612805
143672805
143782605
103742685
143720685
372460185
372458106
307452168
372145608
702345168
325467108
305427168
325047168
425738106
742135608
742365108
742350168
402738156
432780156
432078156
432058716
453720168
743052168
483152607
483120657
483012657
143082657
352468107
352480167
352048167
328450167
432560178
428530167
542038167
432587106
403582167
405173682
453187602
403157682
453017682
503472168
403158627
453180627
453018627
453028167
513472608
513420678
513042678
532410678
103642758
143620758
143062758
143650782
143570682
143072568
132540678
143528607
104523678
387420615
438027615
328475601
302478615
328647105
208347615
208317465
328167405
308127465
328170465
308425671
328045671
438621507
438251607
408231657
438210657
308621547
328061547
328640571
248351607
248310657
248031657
281340657
428630517
642038517
432687501
403682517
302468517
403612578
432671508
402631578
432061578
308451672
381475602
301485672
381045672
801352467
301487625
381470625
381047625
381027465
381620547
381062547
381640572
841352607
841320657
841032657
812340657
401632587
431620587
431062587
431680572
431850672
431052867
412830657
431827605
403821657
328617504
632518407
632148507
602138547
632180547
302617584
312670584
312067584
631082547
162348507
162380547
162038547
128360547
341672508
341620578
341062578
312074658
324610578
632014578
312564708
102364578
105362478
152376408
102356478
152036478
502168347
152648307
102658347
152680347
102357486
152370486
152037486
152087346
185362407
185320467
185032467
315082467
102458637
152480637
152048637
152430678
528130467
108327456
128037456
128057346
128360475
128065347
318025467
128435607
208135467
361572408
361520478
361052478
531062478
326510478
532016478
312456708
308527416
328570416
328057416
328017546
328560471
538021467
502438617
532480617
532048617
532160478
532068147
532187406
503182467
327510486
532017486
301572486
312457806
102387546
312847506
302817546
312870546
381560472
381527406
531482607
531862407
501832467
531820467
375480621
375081462
375412608
307415682
375641802
705341682
435671802
435781602
405731682
435710682
501387462
351867402
301857462
351870462
317485602
317045682
301657842
351670842
351067842
351640827
541387602
541037682
517340682
571360482
571062348
571328406
507321468
571432608
512378406
512367408
502317468
512037468
318457602
318425607
308415627
318045627
431658207
385421607
385410627
385041627
435081627
301658247
351680247
351068247
351640278
541380627
541038627
518340627
521368407
521380467
521038467
518320467
351260478
318250467
231058467
351287406
305281467
504371682
401572368
541762308
501742368
541720368
541028367
524371608
524310678
524031678
501642738
541620738
541062738
541630782
502318647
512380647
512038647
512370684
512074368
352014678
512634708
102534678
412638705
412653708
402613758
412063758
641732508
641352708
601342758
641320758
401638725
431680725
431068725
431028675
423651708
423610758
423061758
643021758
431760582
361452708
361420758
361042758
312460758
453681702
453061782
643051782
431085672
415630782
641035782
431765802
301465782
473581602
473510682
473051682
543071682
431087562
417530682
371462508
371420568
371042568
412730568
741032568
431728506
403721568
402518637
412580637
412058637
412038567
412570683
412073568
102453678
418530627
403581627
301428567
431268507
401238567
431280567
423570681
423071568
423518607
203451678
543621708
543271608
503241678
543210678
187354602
187340652
187034652
317084652
174058362
148370652
314078652
174638502
704138652
784162305
784120365
784012365
742180365
174860352
814072365
174825306
107824365
145370628
314075628
107354628
174635208
704135628
704125368
174265308
104275368
174250368
317624805
317284605
307214685
317240685
614072835
174625803
107624835
704162835
107634852
174653802
104673852
174063852
734180652
734082165
734125608
703124685
734612805
742183605
702143685
742013685
342610875
634012875
314625807
301624875
314862705
104362875
314657802
304617852
314067852
301784652
314758602
304718652
104382765
304812765
314820765
342715608
342781605
302741685
342071685
304715628
314750628
314025768
321784605
321740685
321074685
731024685
482160357
482067135
482175306
408172365
482317605
802417365
427185306
427168305
407128365
427018365
104862357
142856307
102846357
142086357
127845306
127864305
812347605
812467305
812470365
102845376
142850376
142085376
142075836
175320648
317025648
127358604
102357648
127635408
207135648
127465308
107425368
127450368
102387654
107328654
127038654
207184365
127064835
127630854
237184605
237140685
237014685
274130685
127645803
612847305
612437805
602417835
612470835
102645873
142650873
142065873
142075683
462137805
462170835
462017835
427160835
134652807
134620857
134062857
614032857
142053687
123640857
612043857
142863507
402163857
407125638
427150638
427015638
427035168
427180653
427083165
147023685
427613805
207413685
467182305
467120385
467012385
147062385
472086135
426170385
472316805
702416385
762450138
762045138
725460138
472630185
425670138
472658103
407652138
428170356
407182356
472318506
702418356
702458136
472538106
402578136
472580136
457160382
457062138
457128306
457312608
507412368
147352608
147562308
107542368
147520368
425370618
342075618
472358601
407352618
407312685
472381605
402371685
472031685
725418306
725461308
705421368
725041368
458120376
145028376
425186307
402185376
425318706
205418376
205478136
405728136
425780136
402165387
405126387
425016387
205467138
425637108
405627138
145327608
145267308
105247368
145270368
405327618
425037618
425310687
215467308
215470368
215047368
257410368
164780352
164082735
164725308
106724385
164372805
604172385
714362805
714682305
704612385
714620385
402186735
142836705
102846735
142860735
126745308
126784305
126074385
712346805
712486305
102346875
142360875
142036875
142370856
158720346
715028346
102785346
205148736
105428736
125480736
725310648
372015648
712358604
701352648
712635408
102735648
701462385
702615438
712650438
712480356
712058436
751462308
751420368
751042368
471052368
128746305
128754306
108724356
128074356
712348506
184752306
184720356
184072356
714082356
102348576
142380576
142038576
142370568
452138706
452180736
452018736
428150736
142530768
128540736
512048736
142586703
104582736
105764382
154786302
104756382
154076382
104758326
154780326
154078326
154028736
704312658
714320658
714032658
714350682
714560382
714062538
742510368
714528306
701524368
187320645
318027645
102378645
128637405
208137645
208147365
128467305
108427365
128470365
318624507
318254607
308214657
318240657
108624537
128064537
128630574
238154607
238140657
238014657
284130657
108354672
184375602
104385672
184035672
804152367
104387625
184370625
184037625
184027365
184620537
184062537
184630572
834152607
834120657
834012657
842130657
304612587
314620587
314062587
314680572
314850672
314052867
342810657
314827605
301824657
128647503
612548307
612438507
602418537
612480537
102647583
142670583
142067583
142087653
614082537
462138507
462180537
462018537
428160537
134672508
134620578
134062578
614032578
142073658
123640578
612043578
142563708
402163578
408127635
428170635
428017635
428037165
428150673
428053167
148023657
428613507
208413657
405162378
452176308
402156378
452016378
502468137
452638107
402658137
452680137
402157386
452170386
452017386
452087136
485162307
485120367
485012367
145082367
402358617
452380617
452038617
452310678
528410367
408127356
428017356
428057136
428160375
428065137
148025367
428315607
208415367
164572308
164520378
164052378
514062378
142076538
126540378
512046378
142356708
108527346
128570346
128047536
128560374
518024367
512460378
512068437
512487306
501482367
127540386
512047386
104572386
142357806
402187536
142837506
102847536
142870536
184560372
184527306
514382607
514862307
504812367
514820367
175380624
175084362
175342608
107345682
175634802
705134682
315674802
315784602
305714682
315740682
504187362
154867302
104857362
154870362
147385602
147035682
104657832
154670832
154067832
154630827
534187602
534017682
547130682
574160382
574062138
574128306
507124368
574312608
542178306
542167308
502147368
542017368
148357602
148325607
108345627
148035627
314658207
185324607
185340627
185034627
315084627
104658237
154680237
154068237
154630278
534180627
534018627
548130627
524168307
524180367
524018367
548120367
154260378
148250367
214058367
154287306
105284367
104658723
154680723
154068723
154028673
564132708
564120738
564012738
542160738
135684702
135640782
135064782
615034782
154083672
614053782
154763802
504163782
503174682
304572168
534762108
504732168
534720168
534028167
523174608
523140678
523014678
153024678
504632718
534620718
534062718
534610782
502148637
542180637
542018637
542170683
542073168
152043678
542613708
342618705
342651708
302641758
342061758
634712508
634152708
604132758
634120758
304618725
314680725
314068725
314028675
321654708
321640758
321064758
631024758
314760582
164352708
164320758
164032758
142360758
314085672
634015782
314765802
104365782
371584602
371540682
371054682
531074682
314087562
347510682
174362508
174320568
174032568
342710568
734012568
314728506
301724568
302548617
342580617
342058617
342018567
342570681
342071568
532041678
402351678
348510627
301584627
104328567
314268507
304218567
314280567
321570684
321074568
321548607
531624708
531274608
531240678
158620743
615028743
102685743
125768403
205168743
205148673
125478603
105428673
125480673
625710348
612758304
601752348
612375408
601742385
612784305
602714385
612074385
602315478
612350478
625418703
625431708
605421738
625041738
602418753
612480753
612058473
651432708
651420738
651042738
461052738
128643705
128654703
108624753
128064753
612748503
184652703
184620753
184062753
614082753
102748563
142780563
142078563
142760538
462180753
462018753
428160753
452178603
452180673
452018673
142570638
128540673
512048673
142583607
104582673
604712358
614720358
614072358
614750382
614530782
642510738
614528703
601524738
406132785
462375108
402365178
462350178
462058173
456132708
456120738
456012738
146052738
402765318
462750318
462075318
462710385
405128763
425180763
425018763
425068173
425130786
425036178
145026738
425716308
205416738
103684752
134658702
104638752
134068752
304182675
134872605
104832675
134820675
104635728
134650728
134065728
134025678
613024785
104732865
134720865
134072865
134760852
364182705
364120785
364012785
342160785
604712835
614720835
614730852
614380752
614082375
614325708
601324785
482173605
482130675
482013675
423180675
142870653
123840675
812043675
142835607
103625748
123650748
123065748
123680754
123084675
123764805
203164785
602713845
612073845
612740853
612083475
123740865
712043865
142735806
402173865
104762853
142756803
102746853
142076853
462083175
462713805
423165708
423186705
403126785
423016785
458127603
458132607
408152637
458012637
145628307
145238607
105248637
145280637
425087163
482135607
482150637
482015637
142085637
405628317
425680317
425068317
425610378
215480637
215048637
258410637
235468107
235480167
258430167
425360178
458320167
345028167
425387106
402385167
472185603
472150683
472015683
457120683
145027683
425617803
205417683
275463108
275430168
275043168
253470168
425760183
745023168
105643728
145630728
145063728
145620783
145270683
145073268
153240678
104235678
402615783
425681703
405621783
425061783
215470683
215073468
201435678
215643708
253418607
253471608
253041678
187350624
318057624
158374602
105378624
158637204
508137624
508127364
158267304
108257364
158270364
105348672
158034672
508142367
318652407
318542607
308512647
318520647
108652437
158062437
158630472
538142607
538120647
538012647
582130647
358610427
635018427
315687402
301685427
315468207
105368427
301625478
315672408
305612478
315062478
105348267
305418267
315480267
358217604
358241607
308251647
358021647
315087264
381245607
381250647
381025647
231085647
285167304
285170364
285017364
257180364
125860347
157820364
815027364
125874306
102875364
802145367
182037654
182057364
182650437
182065437
182630475
832145607
832150647
832015647
825130647
302615487
312650487
312065487
312680475
325810647
301852647
158627403
615428307
615238407
605218437
615280437
105627483
125670483
125067483
125087643
612085437
265138407
265180437
265018437
258160437
132675408
132650478
132065478
125073648
153620478
615023478
125463708
205163478
305248167
235087164
283145607
283150647
283015647
123085647
205638417
235680417
235068417
235610478
208157634
258170634
258017634
258037164
258140673
258043167
128053647
258613407
508213647
204165378
245176308
245016378
405268137
205648137
245680137
205147386
245170386
245017386
245087136
284165307
284150367
284015367
124085367
458210367
208157346
258170346
258017346
258047136
258160374
258064137
508214367
156420378
415026378
108457326
158470326
158047326
158027436
158460372
418052367
405318627
415380627
415038627
415320678
415260378
415068237
415287306
401285367
157420386
415027386
102475386
125347806
205187436
125837406
105827436
125870436
182460375
182457306
412385607
412865307
402815367
412850367
107382645
172348605
172038645
702185364
172865304
172850364
102374658
172340658
172034658
172054368
317052684
102675834
172650834
172065834
172630845
732185604
732150684
732015684
725130684
312780645
312085764
325710684
312754608
301752684
157340628
157034628
157024368
157380642
157082364
157632804
507132684
305617824
315670824
315067824
315620847
357210684
157620834
615027834
125674803
205167834
102635847
125643807
105623847
125063847
235617804
257134608
257183604
207153684
257013684
207165384
275186304
205176384
275016384
705264138
275634108
205674138
275640138
275180346
275018346
275048136
247165308
247150368
247015368
205374618
275340618
275034618
275310684
754210368
204158376
254180376
254018376
254078136
254160387
254067138
124057368
254317608
504217368
162785304
162750384
162075384
712065384
125086734
156720384
715026384
125376804
705314628
715340628
715034628
715320684
715260384
715064238
715248306
701245368
354618702
354621708
354061728
635714208
635124708
605134728
635140728
305618742
315680742
315068742
315048672
315760284
165324708
165340728
165034728
154360728
321685704
321650784
321065784
631025784
315082674
352610784
635012784
315762804
105362784
371285604
371250684
371025684
231075684
175364208
175340268
175034268
154370268
354710268
735014268
315748206
301745268
304258617
354280617
354028617
354018267
354270681
354071268
234051678
341270685
341075268
341258607
231645708
231475608
231450678
605714328
615740328
615074328
615720384
615230784
615034278
654210738
615248703
601245738
265130784
265034178
265148703
206145738
265714308
254168703
254136708
204156738
254016738
132680745
132085674
132654708
103652784
132765804
302165784
612735804
612385704
602315784
612350784
205183674
125873604
105823674
125830674
153624708
153682704
153062784
615723804
615283704
605213784
105723864
125730864
125073864
125760843
265183704
265013784
253160784
273185604
273150684
273015684
123075684
375264108
375240168
375024168
354270168
235760184
254730168
725034168
235748106
203745168
243170685
243075168
243158607
243615708
123475608
103425678
123450678
254630718
625034718
235648701
203645718
305264718
203615784
235681704
205631784
235061784
248150637
124058637
254187603
205184637
254618307
504218637
504238167
254368107
204358167
254380167
205174683
204157683
254017683
504273168
254763108
204753168
124653708
124573608
124530678
204653718
254063718
254610783
514273608
514230678
514023678
